1044.82202
1090.76294
1055.15405
1093.27502
1023.93298
1105.77600
1088.24695
1093.27502
1095.78406
1095.78406
1098.28796
1091.75294
1095.78406
1103.28406
1098.28796
1085.72700
1145.14294
1103.28406
1093.27502
1110.74902
1067.96802
1118.18005
1095.78406
1083.20203
1118.18005
1060.29297
1128.03601
1113.22998
1055.15405
1078.14099
1130.48999
1152.42200
1123.11499
1152.42200
1125.57703
1130.48999
1108.26501
1075.60400
1128.03601
1118.18005
1108.26501
1095.78406
1132.94104
1120.65002
1145.14294
1115.70703
1145.14294
1120.65002
1128.03601
1181.23901
1115.70703
1123.11499
1088.24695
1135.38904
1108.26501
1152.42200
1103.28406
1108.26501
1118.18005
1115.70703
1103.28406
1085.72705
1115.70703
1118.18005
1135.38904
1115.70703
1108.26501
1113.22998
1125.57703
1103.28406
1090.76294
1154.84204
1039.62805
1105.77600
1085.72705
1073.06299
1098.28796
1105.77600
1130.48999
1055.15405
1090.76294
1073.06299
1042.22705
1135.38904
1093.27502
1103.28406
1085.72705
1095.78406
1100.78796
1098.28796
1085.72705
1113.22998
1085.72705
1078.14099
1100.78796
1105.77600
1108.26501
1083.20203
1125.57703
1145.14294
1055.15405
1093.27502
1057.72498
1105.77600
1005.39600
1078.14099
1100.78796
1120.65002
1103.28406
1145.14294
1095.78406
1047.41199
1115.70703
1098.28796
1100.78796
1095.78406
1118.18005
1047.41199
1103.28406
1088.24695
1057.72498
1118.18005
1002.72803
1075.60400
1147.57300
1137.83301
1090.76294
1037.02405
1049.99695
1123.11499
1065.41394
1080.67395
1113.22998
1085.72705
1105.77600
1090.76294
1115.70703
1080.67395
1085.72705
1098.28796
1083.20203
1083.20203
1098.28796
1029.18396
1083.20203
1080.67395
1080.67395
1108.26501
992.00000
1108.26501
1037.02405
1034.41504
1142.70996
1090.76294
1098.28796
1062.85498
1142.70996
1055.15405
1029.18396
1013.37097
1080.67395
1083.20203
1075.60400
1108.26501
1093.27502
1095.78406
1067.96802
1115.70703
1080.67395
1135.38904
1115.70703
1123.11499
1047.41199
1090.76294
1169.28894
1120.65002
1137.83301
1128.03601
1128.03601
1145.14294
1132.94104
1128.03601
1132.94104
1181.23901
1142.70996
1174.07898
1137.83301
1135.38904
1178.85596
1090.76294
1137.83301
1154.84204
1118.18005
1128.03601
1120.65002
1088.24695
1159.67102
1193.11096
1135.38904
1152.42200
1137.83301
1137.83301
1055.15405
1169.28894
1090.76294
1145.14294
1125.57703
1130.48999
1140.27295
1130.48999
1150.00000
1159.67102
1044.82202
1132.94104
1128.03601
1128.03601
1128.03601
1108.26501
1073.06299
1120.65002
1125.57703
1147.57300
1125.57703
1118.18005
1120.65002
1115.70703
1115.70703
1113.22998
1120.65002
1137.83301
1105.77600
1105.77600
1123.11499
1178.85596
1150.00000
1088.24695
1110.74902
1108.26501
1100.78796
1113.22998
1130.48999
1093.27502
1060.29297
1095.78406
1128.03601
1128.03601
1100.78796
1142.70996
1171.68604
1130.48999
1125.57703
1093.27502
1120.65002
1098.28796
1103.28406
1095.78406
1080.67395
1093.27502
1093.27502
1103.28406
1062.85498
1075.60400
1055.15405
1060.29297
1021.29999
1083.20203
1034.41504
1037.02405
1000.05402
1090.76294
1140.27295
1115.70703
1057.72498
1039.62805
1037.02405
1128.03601
1057.72498
1154.84204
1108.26501
1073.06299
1118.18005
1047.41199
1078.14099
1093.27502
1098.28796
1088.24695
1115.70703
1057.72498
1067.96802
1073.06299
1113.22998
1105.77600
1088.24695
1095.78406
1060.29297
1100.78796
1065.41394
1108.26501
1085.72705
1075.60400
1085.72705
1090.76294
1075.60400
1113.22998
1125.57703
1080.67395
1042.22705
1065.41394
1078.14099
1088.24695
1110.74902
1075.60400
1083.20203
1083.20203
1065.41394
1067.96802
1115.70702
1055.15405
1078.14099
1073.06299
1078.14099
1085.72705
1080.67395
1083.20203
1083.20203
1078.14099
1073.06299
1080.67395
1078.14099
1065.41394
1083.20203
1147.57300
1110.74902
1093.27502
1078.14099
1034.41504
1026.56104
1078.14099
1100.78796
1031.80200
992.00000
1013.37097
1078.14099
1070.51794
1078.14099
1075.60400
1052.57800
1075.60400
1080.67395
1065.41394
1100.78796
1098.28796
1108.26501
1080.67395
1093.27502
1145.14294
1132.94104
1164.48706
1085.72705
1115.70703
1085.72705
1115.70703
1137.83301
1135.38904
1147.57300
1120.65002
1105.77600
1185.99695
1125.57703
1118.18005
1115.70703
1123.11499
1128.03601
1118.18005
1110.74902
1075.60400
1073.06299
1113.22998
1105.77600
1100.78796
1075.60400
1110.74902
1145.14294
1108.26501
1135.38904
1100.78796
1098.28796
1113.22998
1070.51794
1083.20203
1110.74902
1128.03601
1037.02405
1113.22998
1098.28796
1113.22998
1067.96802
1093.27502
1108.26501
1130.48999
1085.72705
1098.28796
1100.78796
1103.28406
1128.03601
1095.78406
1062.85498
1103.28406
1103.28406
1108.26501
1103.28406
1060.29297
1067.96802
1093.27502
1125.57703
1095.78406
1042.22705
1095.78406
1108.26501
1026.56104
1093.27502
1073.06299
1100.78796
1125.57703
1132.94104
1060.29297
1103.28406
1090.76294
1166.89001
1123.11499
1100.78796
1125.57703
1037.02405
1095.78406
1067.96802
1055.15405
1088.24695
1044.82202
1057.72498
1044.82202
1031.80200
1085.72705
1031.80200
1140.27295
1120.65002
1118.18005
1108.26501
1110.74902
1120.65002
1103.28406
1055.15405
1090.76294
1090.76294
1080.67395
1047.41199
1100.78796
1098.28796
1115.70703
1115.70703
1083.20203
1088.24695
1090.76294
1083.20203
1130.48999
1057.72498
1100.78796
1100.78796
1088.24695
1095.78406
1098.28796
1052.57800
1100.78796
1100.78796
1093.27502
1008.06000
1142.70996
1123.11499
1095.78406
1100.78796
1115.70703
1070.51794
1140.27295
1098.28796
1067.96802
1145.14294
1100.78796
1095.78406
1080.67395
1047.41199
1098.28796
1108.26501
1162.08105
1052.57800
1095.78406
1100.78796
1110.74902
1013.37097
1095.78406
1095.78406
1145.14294
1137.83301
1093.27502
1080.67395
1057.72498
1100.78796
1075.60400
1062.85498
1080.67395
1103.28406
1120.65002
1044.82202
1093.27502
1120.65002
1073.06299
1093.27502
1108.26501
1110.74902
1176.46899
1073.06299
1123.11499
1135.38904
1115.70703
1113.22998
1123.11499
1130.48999
1115.70703
1115.70703
1140.27295
1132.94104
1159.67102
1137.83301
1132.94104
1174.07898
1145.14294
1123.11499
1159.67102
1140.27295
1130.48999
1110.74902
1145.14294
1137.83301
1095.78406
1118.18005
1140.27295
1152.42200
1090.76294
1135.38904
1159.67102
1147.57300
1085.72705
1135.38904
1042.22705
1132.94104
1140.27295
1115.70703
1125.57703
1090.76294
1157.25806
1128.03601
1181.23901
1062.85498
1130.48999
1147.57300
1128.03601
1125.57703
1083.20203
1130.48999
1118.18005
1083.20203
1078.14099
1142.70996
1120.65002
1125.57703
1125.57703
1162.08105
1150.00000
1078.14099
1034.41504
1095.78406
1103.28406
1147.57300
1088.24695
1123.11499
1080.67395
1105.77600
1085.72705
1103.28406
1078.14099
1128.03601
1125.57703
1095.78406
1123.11499
1093.27502
1145.14294
1145.14294
1171.68604
1093.27502
1073.06299
1113.22998
1113.22998
1080.67395
1130.48999
1150.00000
1057.72498
1120.65002
1067.96802
1108.26501
1123.11499
1108.26501
1118.18005
1052.57800
1166.89001
1113.22998
1095.78406
1103.28406
1103.28406
1095.78406
1159.67102
1098.28796
1115.70703
1130.48999
1103.28406
1085.72705
1130.48999
1110.74902
1031.80200
1095.78406
1108.26501
1090.76294
1108.26501
1105.77600
1095.78406
1100.78796
1065.41394
1078.14099
1047.41199
1108.26501
1105.77600
1110.74902
1062.85498
1095.78406
1105.77600
1039.62805
1057.72498
1108.26501
1115.70703
1115.70703
1031.80200
1108.26501
1103.28406
1075.60400
1108.26501
1105.77600
1169.28894
1075.60400
1108.26501
1123.11499
1135.38904
1016.01898
1108.26501
1100.78796
1100.78796
1103.28406
1057.72498
1088.24695
1100.78796
1098.28796
1150.00000
1098.28796
1110.74902
1078.14099
1095.78406
1105.77600
1095.78406
1090.76294
1105.77600
1057.72498
1115.70703
1100.78796
1070.51794
1090.76294
1103.28406
1062.85498
1150.00000
1108.26501
1118.18005
1103.28406
1115.70703
1108.26501
1103.28406
1157.25806
1152.42200
1105.77600
1095.78406
1132.94104
1023.93298
1078.14099
1128.03601
1108.26501
1105.77600
1118.18005
1073.06299
1090.76294
1062.85498
1108.26501
1108.26501
1075.60400
1052.57800
1113.22998
1098.28796
1075.60400
1159.67102
1105.77600
1105.77600
1095.78406
1135.38904
1113.22998
1098.28796
1067.96802
1049.99695
1120.65002
1140.27295
1118.18005
1110.74902
1090.76294
1093.27502
1093.27502
1037.02405
1093.27502
1026.56104
1085.72705
1080.67395
1049.99695
1125.57703
1057.72498
1098.28796
1055.15405
1093.27502
1105.77600
1103.28406
1098.28796
1029.18396
1062.85498
1052.57800
1034.41504
1093.27502
1100.78796
1090.76294
1142.70996
1078.14099
1002.72803
1044.82202
1103.28406
1093.27502
1090.76294
1088.24695
1080.67395
1067.96802
1093.27502
1130.48999
1090.76294
1095.78406
1090.76294
1108.26501
1065.41394
1088.24695
1103.28406
1047.41199
1075.60400
1000.05402
1085.72705
1088.24695
1080.67395
1075.60400
1105.77600
1085.72705
1088.24695
1080.67395
1073.06299
1049.99695
1083.20203
1078.14099
1085.72705
1013.37097
1130.48999
1088.24695
1088.24695
1085.72705
1113.22998
1083.20203
1057.72498
1070.51794
1047.41199
1083.20203
1142.70996
1034.41504
1083.20203
1085.72705
1080.67395
1113.22998
1080.67395
1075.60400
1095.78406
1085.72705
1075.60400
1088.24695
1085.72705
1085.72705
1060.29297
1085.72705
1123.11499
1073.06299
1090.76294
1095.78406
1135.38904
1120.65002
1005.39600
1078.14099
1108.26501
1055.15405
1042.22705
1088.24695
1013.37097
1070.51794
1120.65002
1095.78406
1088.24695
1100.78796
1095.78406
1098.28796
1093.27502
1100.78796
1093.27502
1093.27502
1088.24695
1090.76294
1098.28796
1073.06299
1100.78796
1090.76294
1098.28796
1078.14099
1031.80200
1095.78406
1085.72705
1103.28406
1047.41199
1100.78796
1088.24695
1085.72705
1075.60400
1075.60400
1047.41199
1080.67395
1080.67395
1080.67395
1078.14099
1090.76294
1145.14294
1080.67395
1039.62805
1008.06000
1062.85498
1005.39600
1031.80200
1108.26501
1073.06299
1073.06299
1090.76294
1073.06299
1065.41394
1070.51794
1060.29297
1073.06299
1065.41394
1044.82202
1037.02405
1108.26501
1093.27502
1000.05402
1067.96802
1070.51794
1070.51794
1065.41394
1093.27502
1080.67395
1070.51794
1065.41394
1060.29297
1093.27502
1016.01898
1067.96802
1067.96802
1018.66199
1008.06000
1034.41504
1067.96802
1103.28406
1060.29297
1090.76294
1078.14099
1044.82202
1000.05402
1080.67395
1031.80200
1026.56104
1042.22705
1008.06000
989.30463
1083.20203
1118.18005
1075.60400
1125.57703
1034.41504
1018.66199
1049.99695
1060.29297
1065.41394
1067.96802
1026.56104
1083.20203
1057.72498
1055.15405
1055.15405
1013.37097
1062.85498
1049.99695
1065.41394
1052.57800
1044.82202
1018.66199
986.60370
1055.15405
1073.06299
1088.24695
1018.66199
1057.72498
1055.15405
1018.66199
1008.06000
1057.72498
1042.22705
1044.82202
970.28009
1088.24695
1018.66199
1062.85498
1047.41199
1080.67395
1002.72803
1016.01898
1060.29297
1103.28406
1029.18396
1062.85498
1057.72498
1128.03601
997.37457
1062.85498
1060.29297
1052.57800
1062.85498
1073.06299
1047.41199
1044.82202
1060.29297
1065.41394
1060.29297
1037.02405
1029.18396
1070.51794
1057.72498
1057.72498
986.60370
1100.78796
1055.15405
1008.06000
1088.24695
1060.29297
1000.05402
1016.01898
1049.99695
1018.66199
1000.05402
1016.01898
1042.22705
1031.80200
1060.29297
1060.29297
1073.06299
1044.82202
1123.11499
1021.29999
983.89722
1026.56104
1062.85498
1055.15405
1057.72498
1067.96802
1039.62805
1090.76294
1055.15405
1060.29297
1093.27502
1060.29297
1047.41199
1037.02405
970.28009
1073.06299
1055.15405
1065.41394
1034.41504
975.74408
1057.72498
1060.29297
1083.20203
1093.27502
1044.82202
1057.72498
1060.29297
1026.56104
1060.29297
1062.85498
1055.15405
1008.06000
1055.15405
1018.66199
1047.41199
1042.22705
1044.82202
1049.99695
1021.29999
1055.15405
959.28137
1060.29297
1039.62805
1002.72803
1042.22705
1037.02405
1073.06299
1057.72498
997.37457
1049.99695
1049.99695
1034.41504
1067.96802
983.89722
1057.72498
953.74591
1049.99695
1049.99695
1110.74902
986.60370
1057.72498
1039.62805
1085.72705
1057.72498
1052.57800
1049.99695
1105.77600
983.89722
1057.72498
1013.37097
1088.24695
1052.57800
1062.85498
1055.15405
1052.57800
1118.18005
1055.15405
1008.06000
1047.41199
1073.06299
1062.85498
1029.18396
983.89722
1005.39600
1002.72803
1008.06000
1008.06000
1070.51794
1088.24695
1042.22705
1052.57800
1057.72498
1031.80200
1055.15405
1057.72498
1055.15405
1044.82202
983.89722
986.60370
1052.57800
1042.22705
1073.06299
967.53931
1000.05402
1052.57800
1052.57800
1047.41199
1013.37097
1044.82202
1044.82202
1055.15405
1052.57800
1042.22705
1065.41394
989.30463
1055.15405
1065.41394
997.37457
1029.18396
1047.41199
1044.82202
1018.66199
1026.56104
1049.99695
1010.71802
983.89722
1044.82202
1034.41504
1080.67395
1034.41504
1044.82202
1047.41199
1055.15405
1031.80200
1057.72498
997.37457
1047.41199
1044.82202
1042.22705
1005.39600
1049.99695
1034.41504
1039.62805
1100.78796
1034.41504
1042.22705
1060.29297
1067.96802
1039.62805
1034.41504
1049.99695
1115.70703
1029.18396
1044.82202
1070.51794
1029.18396
1118.18005
1083.20203
964.79260
1005.39600
1044.82202
1044.82202
1047.41199
1037.02405
1044.82202
1047.41199
1047.41199
1023.93298
1042.22705
1044.82202
1047.41199
1065.41394
986.60370
1047.41199
994.69000
1037.02405
1042.22705
1052.57800
1042.22705
997.37457
1037.02405
1070.51794
1042.22705
1042.22705
1044.82202
986.60370
1000.05402
1026.56104
1047.41199
1037.02405
1037.02405
1023.93298
1049.99695
1057.72498
1062.85498
959.28137
975.74408
1039.62805
1055.15405
1000.05402
1002.72803
994.69000
1039.62805
1052.57800
1023.93298
1067.96802
1049.99695
1047.41199
1049.99695
1060.29297
1029.18396
1037.02405
1039.62805
1039.62805
1062.85498
1044.82202
1000.05402
1026.56104
1037.02405
1062.85498
1002.72803
1049.99695
1042.22705
1042.22705
997.37457
1039.62805
1049.99695
1005.39600
1090.76294
1049.99695
1034.41504
1062.85498
1052.57800
1005.39600
1026.56104
1055.15405
1037.02405
1044.82202
1023.93298
1049.99695
1067.96802
975.74408
1042.22705
1055.15405
1044.82202
1052.57800
1047.41199
1047.41199
1037.02405
1037.02405
1042.22705
1029.18396
1044.82202
1047.41199
997.37457
973.01501
1042.22705
1037.02405
1042.22705
1073.06299
1044.82202
1044.82202
1065.41394
1075.60400
1002.72803
1044.82202
1039.62805
1055.15405
1026.56104
970.28009
1042.22705
1023.93298
1047.41199
1075.60400
1049.99695
1055.15405
1083.20203
1018.66199
1021.29999
1075.60400
1070.51794
1088.24695
1075.60400
1095.78406
1023.93298
1037.02405
1085.72705
1083.20203
1055.15405
1083.20203
1075.60400
1078.14099
1080.67395
1110.74902
1034.41504
1083.20203
1083.20203
1080.67395
1088.24695
1065.41394
1115.70703
1080.67395
1023.93298
1080.67395
1080.67395
1047.41199
1085.72705
1080.67395
1060.29297
1113.22998
1080.67395
1042.22705
1052.57800
1075.60400
1026.56104
1098.28796
1067.96802
1120.65002
1075.60400
1088.24695
1083.20203
1073.06299
1090.76294
1113.22998
1044.82202
1100.78796
1090.76294
1073.06299
1049.99695
1073.06299
1049.99695
1093.27502
1142.70996
1125.57703
1110.74902
1093.27502
1070.51794
1065.41394
1093.27502
1105.77600
1154.84204
1037.02405
1095.78406
1088.24695
1110.74902
1095.78406
1093.27502
1100.78796
1115.70703
1073.06299
1110.74902
1108.26501
1067.96802
1060.29297
1105.77600
1105.77600
1055.15405
1100.78796
1093.27502
1093.27502
1013.37097
1095.78406
1078.14099
1100.78796
1098.28796
1093.27502
1108.26501
1057.72498
1080.67395
1093.27502
1095.78406
1090.76294
1080.67395
1147.57300
1049.99695
1093.27502
1065.41394
1123.11499
1095.78406
1108.26501
1055.15405
1078.14099
1008.06000
1090.76294
1088.24695
1098.28796
1093.27502
1078.14099
1026.56104
1042.22705
1088.24695
1075.60400
1093.27502
1088.24695
1093.27502
1120.65002
1110.74902
1103.28406
1029.18396
1103.28406
1098.28796
1093.27502
1093.27502
1147.57300
1062.85498
1055.15405
1103.28406
1105.77600
1128.03601
1075.60400
1073.06299
1100.78796
1090.76294
1088.24695
1142.70996
1100.78796
1093.27502
1098.28796
1095.78406
1085.72705
1095.78406
1137.83301
1037.02405
1093.27502
1073.06299
1083.20203
1047.41199
1098.28796
1044.82202
1103.28406
1060.29297
1078.14099
1044.82202
1080.67395
1083.20203
1100.78796
1110.74902
1047.41199
1078.14099
1083.20203
1088.24695
1078.14099
1095.78406
1070.51794
1052.57800
1029.18396
1083.20203
1070.51794
1067.96802
1057.72498
1018.66199
1080.67395
1078.14099
1034.41504
1080.67395
1142.70996
1078.14099
1098.28796
1103.28406
1090.76294
1110.74902
1085.72705
1100.78796
1075.60400
1103.28406
1037.02405
1078.14099
1075.60400
1075.60400
1090.76294
1078.14099
1085.72705
1049.99695
1023.93298
1037.02405
1083.20203
1073.06299
1088.24695
1067.96802
1083.20203
1080.67395
1083.20203
1073.06299
994.69000
1083.20203
1105.77600
1042.22705
1073.06299
1080.67395
1060.29297
1105.77600
1113.22998
1021.29999
1108.26501
1113.22998
1110.74902
1140.27295
1062.85498
1110.74902
1130.48999
1067.96802
1135.38904
1073.06299
1123.11499
1128.03601
1100.78796
1130.48999
1098.28796
1123.11499
1137.83301
1090.76294
1088.24695
1130.48999
1135.38904
1105.77600
1115.70703
1128.03601
1123.11499
1140.27295
1110.74902
1130.48999
1120.65002
1123.11499
1118.18005
1120.65002
1115.70703
1120.65002
1110.74902
1135.38904
1181.23901
1065.41394
1118.18005
1113.22998
1125.57703
1135.38904
1157.25806
1152.42200
1190.74304
1162.08105
1152.42200
1130.48999
1137.83301
1132.94104
1130.48999
1118.18005
1118.18005
1157.25806
1078.14099
1125.57703
1190.74304
1095.78406
1130.48999
1083.20203
1128.03601
1113.22998
1090.76294
1052.57800
1120.65002
1125.57703
1115.70703
1115.70703
1135.38904
1070.51794
1152.42200
1034.41504
1090.76294
1113.22998
1118.18005
1065.41394
1108.26501
1105.77600
1108.26501
1103.28406
1108.26501
1105.77600
1057.72498
1067.96802
1098.28796
1162.08105
1115.70703
1103.28406
1115.70703
1098.28796
1098.28796
1039.62805
1100.78796
1115.70703
1132.94104
1110.74902
1093.27502
1083.20203
1031.80200
1100.78796
1073.06299
1115.70703
1103.28406
1098.28796
1095.78406
1098.28796
1055.15405
1108.26501
1029.18396
1070.51794
1085.72705
1085.72705
1090.76294
